# Summary

Date : 2023-05-26 12:41:28

Directory e:\\学校\\UniMelb\\2023Sem1\\User Interface Development\\Assignment3\\code

Total : 13 files,  1650 codes, 101 comments, 259 blanks, all 2010 lines

Summary / [Details](details.md) / [Diff Summary](diff.md) / [Diff Details](diff-details.md)

## Languages
| language | files | code | comment | blank | total |
| :--- | ---: | ---: | ---: | ---: | ---: |
| CSS | 4 | 739 | 37 | 144 | 920 |
| HTML | 5 | 669 | 27 | 67 | 763 |
| JavaScript | 3 | 241 | 37 | 47 | 325 |
| Markdown | 1 | 1 | 0 | 1 | 2 |

## Directories
| path | files | code | comment | blank | total |
| :--- | ---: | ---: | ---: | ---: | ---: |
| . | 13 | 1,650 | 101 | 259 | 2,010 |
| . (Files) | 1 | 1 | 0 | 1 | 2 |
| css | 4 | 739 | 37 | 144 | 920 |
| html | 5 | 669 | 27 | 67 | 763 |
| js | 3 | 241 | 37 | 47 | 325 |

Summary / [Details](details.md) / [Diff Summary](diff.md) / [Diff Details](diff-details.md)